4604661007536
4604661016200
4604661017788
4604661018921
4604661007413
4604661007857  
4604661007857
4604661007208  
4604661007208
4604661009394
4604661018204
4604661021525
4604661018228
4604661007390
4604661007840  
4604661007284  
4604661007284
4604661007840
4604661007406
4604661007833  
4604661007833
4604661007260  
4604661007260
4604015001814  
4604015001814
4604015001821  
4604015001821
4604015001838  
4604015001838
4604015001845  
4604015001845
4604015001852  
4604015001852
4604015001869  
4604015001869
3047100017849  
3047100017849
500299620915
5000299298022  
5000299298022
5000299620144
5010739261523
5000299620168
7312040200702
7312040017508
7312040017072
7312040017010
7312040017683
7312040551934
7312040017034
7312040020706
7312040020126  
7312040020126
7312040020706  
7312040006175
7312040040704
7312040350056
7312040552726
7312040060702
7312040350100
7312040150700
7312040090129
7312040090709  
7312040090709
7312040180707
7312040050703
7312040551804
4604010004322  
4604010004483  
4604010004148  
4604010004346  
4604661015692
4604661015685
4604661002418  
4604010004193
4604010004193  
4604010004216  
4604661002456  
4604661002456
4604661002432  
4604661002432
4604010005664  
4604661002012  
5000299613962
5000299613979
5000299226421
5000299226667
5000299226667  
5000299295021
080432403105   
080432403105
5000299278260
5000299226421  
5000299226216
5000299621073
5000299609248
5000299609200
710970622019
5000299621226
50002996212226
5000299609347
5000299609965
5010327000251  
5010327000176  
5010327326146  
5010327326115
5010327325132  
5010327304212  
5010327345215  
4604661012745
4604661010260
4604661012936
4604661013605
4604661012707
4604661010246
4604661012769
4604661012783
4604661012721
4604661010284
4604661012905
4604661013629
4604661000711
4604661010963
4620010490149
4604661000711  
4604010005251
4604010005251  
4604010005657  
4604010005770  
4604010005770
4604661008564
4604661018525
4604661000698
4604661000698  
4604661010932
4604010005053  
4604010005053
4604010005640  
4604661008588
4604661010109
4604661006553
4604661017818
4604661002050
4604661002050  
4604661003026  
4604661003026
4604661002067  
4604661002067
4604010005640
4604661016415
4604661017986
4604661017375
4604661017672
4604661017948
4604661017924
4604661017900
4604661017634
4604661017658
4604010005657
4604661008984
4604661008816
4604661019232
4604661008854
5011007008482 
5011007008482
4604010003813  
4604010004599  
4604661015289
4604010001291  
4604661000735
4604661000735  
4604661015302
4604010002625  
4604661000742
4604661000742  
4604010001079  
4604661000759
4604661000759  
4604661015265
7610594454399  
7610594454399
7610594251950
3057230000239  
3057230000239
3057230006088
3043700104613
3043700104330  
3043700114339
3043700104330
3043700103319
3043700103814  
3043700103814
3043700103807
4607160293899  
4607160293899
4607160293448  
4607160293448
4607160293912  
4607160293912
4607160293455
4604661012349
4604661012356
4604661006515  
4604661006515
4604661006584  
4604661006539  
3163937011000
4604661008212
4604661009448
4604661006560  
4604661006560
4604661006553  
4604661009370
4604661006577  
4604661006577
4604661006850
4604661010857
4604661010840
4604661008205
4604661017122
4604661008274
4604661007536  
9414024518754
9414024746300
9414024334965
9414024334972
9414024518754  
9414024334965  
5000299613931
5000299613948
5000299613955
4604661002524
4604010005763
4604012000636  
4604010005909
4604010005909  
4604012002654  
4604012002159  
4604661017405
4604661005228  
4604010005763  
4604010006180
4604012002647  
4604012002104  
4604012000360  
4604661000827  
4604012002630  
4604010005923  
4604661002135  
4604661002135
4604012002166  
4604661002524  
4604661001930  
4604401200250  
4604661019751
4604661005501  
4604661019775
4604012001008  
4604012000520  
4604661018549
4604661015975
8501110080217
8501110089319  
8501110089319
8501110080231
8501110081887
8501110080255
8501110080439  
8501110080439
8501110084376
8501110080637  
8501110080637
8501110083027
8501110080927  
8501110080927
8501110080903
8501110088916
8501110089852
8501110089999
4604661016439
4604661016446
4604661009424
4604661009431
85916623
8594405101513
8594405102060
8594405101537
710980520008
8594405105504
8594405105528
8594405101063  
8594405101063
5000299618240
5000299605950
5000329002155  
5000299605998
5000329002155
000299605998
5000299634233
5000329002193
5000329002292
5000299618479
5000299618479 
5000299634295
4604012002531  
4604012002043  
4604012002173  
4604661006355
4604661006355  
4604015001722  
4604015001722
4604012002357  
4604661006362
4604012002364  
4604015001739
4604015001739  
3219820007794
3219820003987  
3219820003796
3219820003987
5011007020644
5010106110225
5010106110393
5010106110065  
5010106110065
5000299628034
5000299610763
5000299603567
5000299630105
5000299613771
5010106113912
2010106113301
710980725018
5000299610749
5010106113493
5010106111956  
5010106111956
5010106014936
9300727013316
9300727028341
9300727008640
9300727406538
9300727028334
9300727013323
9300727028204
9300727014627
9300727014634
9300727013354
5011007015381
5011007020620
5011007024000
5011007003586
5011007003234
5011007003654
5011007015534  
5011007015534
5011007003005
 5011007003005
5011007024574
5011007003227  
5011007003227
5011007021160
5011007021610
5011007025410
5011007020569
5011007004743  
5010296166729  
477053240673
683899130043   
5013967003958  
5000267123196
50002671231
5000267117454
5000267014203
4630033990014
4630033990045
4630033990038
8410302846831
8410302107192  
8410302107192
8410302985936
8410302107697
8410302985905      
8410302121211  
8410302121006
8410302986131
8410302121211
8410302985882
3028132003857  
3028132003864  
3028130066090  
5000299613870
5000299613887
3219820007701
3219820007428
3219820007664
3219820007350
3219820007602
3219820007848
3219820007817
3219820007824
3219820000115
3219820007411
3219820007404
3219820007619
3219820007909
3219820007862
3219820007886
2900200001198  
9785902617082  
4604337000977  
4604337000977
4604337000984  
4604337000984
4604012002678  
4604661000773  
4604661000780  
4604015000510  
4604012002661  
4604661000797  
2900200002164  
2900200002171  
8413060000446  
8413060000996  
8413060000156  
8413060000859  
4604010004636
5000299625002
5000299625019
5060307160079  
5060307160086  
8000648001232  
03695876489    
05188735928    
6009622481086
03690524356    
05188737530    
4604661009318
4604661010642
4604661009202
4604661010666
4604661009196
101390680255   
4850001002260
5010284100049
5010284100018  
5010284100018
5010284100025
8003971201003  
42213277
3120581422354  
3120581422330  
3120581422347  
3120581422323  
3219820000719
3219820000634
3219820004984
3219820000078
3219820000054
3219820005677
3219820000818
3219820004991
3219820000191
3219820000177
3219820000238
3219820005943
3219820005950
3219820005882
3219820005868
3219820004083
3219820000382
3219820007725
93219820004215
3219820007657
3219820003710
3219820003703
3219820006186
3219820007763
4604661018242
4604661019393
4604661018051
4604661018013
4604661018037
5000299210079
5000299210130
5011007001995
5011007001919
05011007001926
3113880104212
3113880104519
3113880104717
3113880105219
3113880103819
3113880105110
4604661004603  
4604011003058  
4604661011038
4604661004627  
4604661011069
4604010003776  
4604010003776
4604010004360  
4604010003059  
4604661000186  
4604661000186
4604661003040  
4604661003040
4604661008809
4604661008793
4604661011359
4604661000179  
4604661000179
4604010004339
4604010004339  
4604010004438  
4604010004438
4604010003363  
4604661015012
4604661006348  
4604661006348
4604010002960  
4604010004377
4604010004377  
4604010004445  
4604010004445
4604010004537  
4604010002977  
4604010004384
4604010004384  
4604010004469  
4604010004469
4604010003400  
4604010003745  
4604010005268  
4604010005282  
4604010003783  
4604010006104
4604661015029
4604010006074
4604010006074  
4604661008915
4604661009349
4604661009165
4604661017832
4604010006111  
4604010006104  
4604661009509
4604661009516
4604661009523
4604661009530
4604661010826
4604661012370
4604661008366
4604661008441
4604661008380
4604661008397
4604661008458
4604661006614  
4604661006614
4604661009547
4604661009561
4604661006638
4604661009554
4604661009578
4604661016873
4604661017849
4604661000193  
4604661017696
4604661016941
4604661016866
4604661019195
4604661019218
4604661018099
4604661017399
4604012002739  
4604031001508  
4604031001430  
4604031001683  
4604031001690  
4604031001492  
4604031001676  
4604031001409  
4604031001447  
4604031001515  
4604031001560  
4850001002215
4604010003950  
4604010004551  
4604012002241  
4604661003170  
4604010004551
4604661005204  
4604010003912
4604010003912  
4604010006098  
4604010006098
4604010003011
4604010004124  
4604010003554
4604010003554  
4604010003899  
4604010003561
4604010003561  
4604010003868  
4604661003606  
4604661002395  
4604661002890  
4604661017740
4604661002906  
4604661002890
4604661017870
4604661011205
4604661000865  
4604661000865
4604358000413  
4604661000858  
4604661000858
4604015001586  
4604358000420  
4604661000841  
4604661000841
4604661008878
4604015001470  
2000022890014  
4604358000505  
4604661004818  
4604661004818
4604661016491
4604031001911  
4604031000785  
4604031000785
080432106037   
080432106037
080432105528   
080432105528
080432107010    
080432107010
080432402207
080432107003
080432402153   
080432402153
080432100943
080432100929
080432100936
080432108017   
080432108017
4604661005945  
4604661000674  
4604661000674
4604661015883
4604031001485  
4604015001203  
4604015001364  
4604661000667
4604661015906
4604031001157  
4604015001108  
4604661000667  
4604661000650
4604015001258  
4604031000099  
4604661000650  
4604661015920
4604031001096  
4604031001102  
5000299211243
500299614433
5000299624296
5000299614778
500299211687
5000299211762  
5000299211762
5000299211557  
5000299211557
5000299614099
4604661006270  
4604661006270
4604661006690
4604661015708
4604661005914  
4604661010314
4604661004511  
4604661010321
4604661004511
4604661010338
4604661006058  
4604661000568  
4604661000568
4604013000376  
4604661010345
4604661010352
4604013000420  
4604661000575  
4604661000575
4604013000284  
4604013000413  
4604661003095  
4604661003101  
4604661010369
4604013000437  
4604661000582  
4604661013216
4604661013193
4604661004535  
4604661004535
4604661006089
4604661006089  
4604661000599  
4604661000599
4604661000605
4604661000605  
4604661000612
4604661000612  
4604661009141
4604661011335
4604661018266
4604661018273
4604661018280
4604013000390  
4604013000444  
4604013000451  
4604661006683  
4604661010307
4604661006683
4850001007272
4850001007289
4604015000695
4604015000695  
4604015000589
4604015000589  
5000299607091
5000299603376
4604031001386  
4604031001386
4604031001331
4604661004054  
4604031001331  
4604031001393  
4604031001393
4604031000761  
4604010005879  
4604661000117
4604661000117  
4604011003201  
4604661020719
4604661012622
4604011003089  
4604010005855  
4604661000018
4604661000018  
4604661020696
4604661013230
4604358000796  
4604661000681
080432400340
080432402702
080432400388
080432402733
080432400432
080432400364
080432402726   
080432402726
080432402931
080432402931                                                                            
080432402719
5000299611753
08043240293
5000299622049
5000299225318
5000299225004
5000299284926  
5000299284926
5000299603956
05000299603963
5000299611524
5000299601693
5000299611104
5000299611104  
8654000101025
8654000105153
8656170014730
4604661015050
4604661015074
4604661015098
4604661017702
4604661017726
4604661005303  
48504812
48512077
